
[1, 8058]
[2, 7733]
[3, 7271]
[4, 7193]
[5, 6760]
[6, 6752]
[7, 5783]
[8, 5626]
[9, 5106]
[10, 4958]
[11, 3995]
[12, 3973]
[13, 3948]
[14, 3806]
[15, 3753]
[16, 3658]
[1, 8274]
[2, 7652]
[3, 7075]
[4, 7064]
[5, 6567]
[6, 6315]
[7, 6294]
[8, 5951]
[9, 5736]
[10, 5489]
[11, 5297]
[12, 5214]
[13, 4881]
[14, 4733]
[15, 4616]
[16, 4126]
[17, 4075]
[18, 4019]
[19, 3996]
[20, 3983]
[21, 3915]
[22, 3910]
[23, 3898]
[24, 3806]
[25, 3731]
[26, 3705]
[27, 3701]
[28, 3676]
[29, 3652]
[1, 8022]
[2, 7363]
[3, 6351]
[4, 6326]
[5, 6241]
[6, 6157]
[7, 6134]
[8, 4617]
[9, 4530]
[10, 4182]
[11, 3972]
[12, 3899]
[13, 3884]
[14, 3867]
[15, 3832]
[16, 3793]
[17, 3749]
[18, 3742]
[19, 3689]
[20, 3658]
[1, 8871]
[2, 8455]
[3, 8428]
[4, 8284]
[5, 7629]
[6, 7437]
[7, 7273]
[8, 7265]
[9, 7245]
[10, 7222]
[11, 7203]
[12, 7119]
[13, 6886]
[14, 6574]
[15, 6572]
[16, 6245]
[17, 6053]
[18, 6044]
[19, 5601]
[20, 5339]
[21, 4569]
[22, 4385]
[23, 4274]
[24, 4249]
[25, 4049]
[26, 4028]
[27, 3874]
[28, 3827]
[29, 3789]
[30, 3701]
[31, 3689]
[32, 3658]
[33, 3652]
[1, 8365]
[2, 8327]
[3, 8306]
[4, 7054]
[5, 6723]
[6, 6692]
[7, 6596]
[8, 6431]
[9, 6395]
[10, 6309]
[11, 6131]
[12, 5653]
[13, 4884]
[14, 4873]
[15, 4753]
[16, 4549]
[17, 4236]
[18, 4233]
[19, 4192]
[20, 4160]
[21, 4010]
[22, 3901]
[23, 3896]
[24, 3856]
[25, 3837]
[26, 3812]
[27, 3758]
[28, 3724]
[29, 3676]
[30, 3652]
[1, 11066]
[2, 10813]
[3, 10252]
[4, 10064]
[5, 9677]
[6, 8822]
[7, 7929]
[8, 6842]
[9, 6748]
[10, 6393]
[11, 6048]
[12, 6009]
[13, 5926]
[14, 5883]
[15, 5807]
[16, 5480]
[17, 5468]
[18, 5432]
[19, 5328]
[20, 4657]
[21, 4582]
[22, 4454]
[23, 4229]
[24, 4219]
[25, 4167]
[26, 4132]
[27, 3945]
[28, 3907]
[29, 3773]
[30, 3759]
[31, 3705]
[32, 3681]
[33, 3658]
[1, 7037]
[2, 6876]
[3, 6041]
[4, 4888]
[5, 4426]
[6, 4340]
[7, 4232]
[8, 4011]
[9, 3982]
[10, 3951]
[11, 3898]
[12, 3824]
[13, 3814]
[14, 3735]
[15, 3652]
[1, 8214]
[2, 7121]
[3, 7113]
[4, 6383]
[5, 6194]
[6, 6126]
[7, 5052]
[8, 5034]
[9, 4972]
[10, 4372]
[11, 4320]
[12, 4138]
[13, 4013]
[14, 3959]
[15, 3951]
[16, 3872]
[17, 3794]
[18, 3735]
[19, 3676]
[20, 3652]
[1, 8299]
[2, 7577]
[3, 6698]
[4, 6572]
[5, 6390]
[6, 6365]
[7, 6281]
[8, 6041]
[9, 4527]
[10, 3819]
[11, 3701]
[12, 3681]
[13, 3676]
[14, 3652]
[1, 9394]
[2, 7962]
[3, 7555]
[4, 6980]
[5, 6707]
[6, 6076]
[7, 6039]
[8, 5915]
[9, 5334]
[10, 5198]
[11, 5123]
[12, 4966]
[13, 4468]
[14, 4446]
[15, 4373]
[16, 4234]
[17, 4059]
[18, 3968]
[19, 3879]
[20, 3824]
[21, 3793]
[22, 3758]
[23, 3681]
[24, 3652]
[1, 10696]
[2, 9859]
[3, 9411]
[4, 8614]
[5, 8400]
[6, 7954]
[7, 7950]
[8, 7861]
[9, 7845]
[10, 7224]
[11, 6541]
[12, 6511]
[13, 5884]
[14, 5793]
[15, 5622]
[16, 5576]
[17, 5189]
[18, 4562]
[19, 4337]
[20, 4157]
[21, 4068]
[22, 4056]
[23, 4032]
[24, 3959]
[25, 3851]
[26, 3731]
[27, 3681]
[28, 3676]
[29, 3652]
[1, 10889]
[2, 9488]
[3, 8599]
[4, 8578]
[5, 8195]
[6, 8154]
[7, 7063]
[8, 6264]
[9, 5687]
[10, 5587]
[11, 5298]
[12, 5211]
[13, 4921]
[14, 4898]
[15, 4846]
[16, 4554]
[17, 4465]
[18, 4421]
[19, 4252]
[20, 4134]
[21, 4080]
[22, 4023]
[23, 3944]
[24, 3927]
[25, 3883]
[26, 3819]
[27, 3760]
[28, 3681]
[29, 3676]
[30, 3652]
[1, 8517]
[2, 8482]
[3, 8462]
[4, 8139]
[5, 7852]
[6, 7587]
[7, 7220]
[8, 6911]
[9, 6539]
[10, 6520]
[11, 6448]
[12, 5763]
[13, 5377]
[14, 5118]
[15, 4779]
[16, 4447]
[17, 4232]
[18, 4229]
[19, 4187]
[20, 4123]
[21, 4098]
[22, 3924]
[23, 3681]
[24, 3676]
[1, 7626]
[2, 6997]
[3, 6863]
[4, 6452]
[5, 6445]
[6, 5194]
[7, 4770]
[8, 4473]
[9, 4444]
[10, 4181]
[11, 4163]
[12, 4106]
[13, 4103]
[14, 4067]
[15, 4058]
[16, 4053]
[17, 3955]
[18, 3939]
[19, 3855]
[20, 3824]
[21, 3742]
[22, 3731]
[23, 3705]
[24, 3658]
[25, 3652]
[1, 9093]
[2, 9075]
[3, 8513]
[4, 8277]
[5, 8210]
[6, 7525]
[7, 7363]
[8, 7107]
[9, 6947]
[10, 6688]
[11, 6660]
[12, 6366]
[13, 5960]
[14, 5709]
[15, 4498]
[16, 4236]
[17, 4135]
[18, 4076]
[19, 3972]
[20, 3971]
[21, 3967]
[22, 3836]
[23, 3701]
[24, 3689]
[25, 3658]
[1, 7267]
[2, 5757]
[3, 5698]
[4, 5440]
[5, 5375]
[6, 4901]
[7, 4850]
[8, 4451]
[9, 4446]
[10, 4418]
[11, 4413]
[12, 4352]
[13, 4185]
[14, 4171]
[15, 4066]
[16, 4005]
[17, 3959]
[18, 3953]
[19, 3896]
[20, 3732]
[21, 3730]
[22, 3701]
[23, 3658]
[1, 10943]
[2, 10013]
[3, 7980]
[4, 6713]
[5, 6225]
[6, 5305]
[7, 5235]
[8, 5164]
[9, 4240]
[10, 4132]
[11, 4056]
[12, 4012]
[13, 4001]
[14, 3867]
[15, 3825]
[16, 3794]
[17, 3681]
[18, 3676]
[19, 3652]
[1, 9537]
[2, 8636]
[3, 7213]
[4, 6378]
[5, 6146]
[6, 5525]
[7, 4925]
[8, 4713]
[9, 4464]
[10, 4265]
[11, 4201]
[12, 4037]
[13, 4029]
[14, 3916]
[15, 3812]
[16, 3758]
[17, 3658]
[1, 5384]
[2, 5171]
[3, 4832]
[4, 4420]
[5, 4289]
[6, 4225]
[7, 4151]
[8, 4093]
[9, 4091]
[10, 3977]
[11, 3976]
[12, 3961]
[13, 3918]
[14, 3797]
[15, 3681]
[16, 3652]
[1, 9776]
[2, 9591]
[3, 9587]
[4, 8204]
[5, 7328]
[6, 7315]
[7, 7219]
[8, 6734]
[9, 6189]
[10, 5498]
[11, 5279]
[12, 4995]
[13, 4858]
[14, 4521]
[15, 4456]
[16, 4444]
[17, 4300]
[18, 4189]
[19, 4138]
[20, 4108]
[21, 3952]
[22, 3948]
[23, 3918]
[24, 3891]
[25, 3830]
[26, 3782]
[27, 3753]
[28, 3705]
[29, 3676]
[30, 3658]
[1, 8509]
[2, 8005]
[3, 7924]
[4, 7676]
[5, 7496]
[6, 7102]
[7, 7050]
[8, 6834]
[9, 6343]
[10, 6331]
[11, 4925]
[12, 4703]
[13, 4242]
[14, 4167]
[15, 4114]
[16, 4112]
[17, 4034]
[18, 3983]
[19, 3953]
[20, 3924]
[21, 3910]
[22, 3760]
[23, 3701]
[24, 3658]
[1, 9541]
[2, 9491]
[3, 9411]
[4, 8729]
[5, 8247]
[6, 8149]
[7, 8136]
[8, 7731]
[9, 7552]
[10, 7413]
[11, 6214]
[12, 6204]
[13, 6162]
[14, 5923]
[15, 5573]
[16, 4506]
[17, 4505]
[18, 4222]
[19, 4182]
[20, 3983]
[21, 3875]
[22, 3742]
[23, 3730]
[24, 3706]
[25, 3676]
[26, 3652]
[1, 6865]
[2, 6675]
[3, 5403]
[4, 5115]
[5, 4364]
[6, 4249]
[7, 4221]
[8, 4084]
[9, 4040]
[10, 4012]
[11, 3976]
[12, 3862]
[13, 3851]
[14, 3849]
[15, 3816]
[16, 3732]
[17, 3701]
[18, 3658]
[1, 9216]
[2, 8319]
[3, 7868]
[4, 7867]
[5, 7770]
[6, 6906]
[7, 6830]
[8, 6639]
[9, 6169]
[10, 6088]
[11, 5603]
[12, 5420]
[13, 5393]
[14, 4976]
[15, 4904]
[16, 4900]
[17, 4765]
[18, 4610]
[19, 4536]
[20, 4313]
[21, 4121]
[22, 4056]
[23, 4031]
[24, 3876]
[25, 3872]
[26, 3847]
[27, 3825]
[28, 3797]
[29, 3676]
[30, 3658]
[1, 9240]
[2, 9067]
[3, 8011]
[4, 7413]
[5, 7323]
[6, 6644]
[7, 6411]
[8, 6182]
[9, 6019]
[10, 5771]
[11, 5729]
[12, 5235]
[13, 5194]
[14, 5175]
[15, 5073]
[16, 5017]
[17, 4871]
[18, 4783]
[19, 4682]
[20, 4187]
[21, 4169]
[22, 4001]
[23, 3998]
[24, 3658]
[1, 7434]
[2, 7409]
[3, 7002]
[4, 6904]
[5, 6639]
[6, 6433]
[7, 6286]
[8, 5103]
[9, 5054]
[10, 4723]
[11, 4579]
[12, 4362]
[13, 4289]
[14, 4124]
[15, 4083]
[16, 4044]
[17, 4009]
[18, 3792]
[19, 3676]
[20, 3652]
[1, 11133]
[2, 11042]
[3, 10481]
[4, 10355]
[5, 9994]
[6, 8905]
[7, 8679]
[8, 6818]
[9, 6247]
[10, 6194]
[11, 6088]
[12, 5394]
[13, 5388]
[14, 5375]
[15, 5367]
[16, 5085]
[17, 5036]
[18, 4627]
[19, 4602]
[20, 3984]
[21, 3896]
[22, 3875]
[23, 3834]
[24, 3732]
[25, 3658]
[1, 5064]
[2, 4934]
[3, 4867]
[4, 4854]
[5, 4658]
[6, 4526]
[7, 4438]
[8, 4357]
[9, 4274]
[10, 4245]
[11, 4053]
[12, 4025]
[13, 4010]
[14, 3925]
[15, 3903]
[16, 3793]
[17, 3785]
[18, 3724]
[19, 3676]
[20, 3658]
[1, 9678]
[2, 9611]
[3, 9566]
[4, 8551]
[5, 8175]
[6, 7663]
[7, 6757]
[8, 6284]
[9, 6216]
[10, 6129]
[11, 5540]
[12, 5537]
[13, 4441]
[14, 4265]
[15, 4244]
[16, 3924]
[17, 3872]
[18, 3831]
[19, 3777]
[20, 3652]
[1, 9904]
[2, 9795]
[3, 9095]
[4, 9048]
[5, 7449]
[6, 7318]
[7, 7227]
[8, 6766]
[9, 6599]
[10, 6530]
[11, 5438]
[12, 5145]
[13, 5139]
[14, 5035]
[15, 5024]
[16, 4375]
[17, 4167]
[18, 4112]
[19, 3999]
[20, 3955]
[21, 3854]
[22, 3831]
[23, 3759]
[24, 3753]
[25, 3748]
[26, 3742]
[27, 3689]
[28, 3658]
